image: fws_map_sim_v0.pgm
resolution: 0.010000
origin: [-15.560000, -20.040000, 0.000000]
negate: 0
occupied_thresh: 0.65
free_thresh: 0.196

